%YAML:1.0
dictionary: !!opencv-matrix
   rows: 10
   cols: 128
   dt: f
   data: [ 1.43613863e+001, 1.08624859e+001, 1.63877888e+001,
       4.05764580e+001, 7.69818497e+001, 2.64944992e+001,
       7.36633682e+000, 6.99284935e+000, 7.67849274e+001,
       3.78283844e+001, 2.18146305e+001, 2.32596264e+001,
       2.30264034e+001, 7.79042912e+000, 7.57150698e+000,
       2.66452141e+001, 5.82062721e+001, 2.87871284e+001,
       1.45929594e+001, 1.58839388e+001, 1.95060501e+001,
       1.26853685e+001, 1.30247526e+001, 2.83927383e+001,
       2.10110016e+001, 1.72101212e+001, 1.23586359e+001,
       1.66303635e+001, 1.92398243e+001, 1.58751373e+001,
       1.15720568e+001, 1.38619366e+001, 1.88811874e+001,
       6.28327847e+000, 8.97909832e+000, 4.79163933e+001,
       1.15062706e+002, 3.88844872e+001, 6.07590771e+000,
       6.46589661e+000, 1.17342133e+002, 2.83943901e+001,
       9.96534634e+000, 1.69306927e+001, 2.69460945e+001,
       1.03492851e+001, 9.25027466e+000, 4.26826172e+001,
       7.14840469e+001, 2.04939499e+001, 1.10242023e+001,
       1.89301434e+001, 3.08789883e+001, 2.43096809e+001,
       1.92942791e+001, 3.26265106e+001, 2.74763470e+001,
       1.92112217e+001, 1.35198021e+001, 1.80286026e+001,
       2.11606159e+001, 1.74774475e+001, 1.48349838e+001,
       1.63283825e+001, 1.85687561e+001, 5.53135300e+000,
       5.57535744e+000, 3.80407028e+001, 1.15099556e+002,
       5.17684250e+001, 1.02315731e+001, 7.61441135e+000,
       1.17374039e+002, 4.23168297e+001, 9.71342087e+000,
       1.02739277e+001, 2.78927383e+001, 1.76677666e+001,
       1.06952696e+001, 2.88718376e+001, 7.10242004e+001,
       3.25065994e+001, 2.01705170e+001, 2.34389439e+001,
       2.99460945e+001, 1.89548950e+001, 1.17656765e+001,
       2.14438934e+001, 2.66875687e+001, 1.65038509e+001,
       1.37046204e+001, 1.64224415e+001, 2.01314640e+001,
       1.79411449e+001, 1.54433441e+001, 1.99609451e+001,
       1.46430140e+001, 7.37678766e+000, 6.88943911e+000,
       2.36204624e+001, 7.81166077e+001, 4.44906502e+001,
       1.70192528e+001, 1.09922991e+001, 7.44747009e+001,
       2.40154018e+001, 7.38943911e+000, 8.12816238e+000,
       2.60379543e+001, 2.61974697e+001, 2.32706261e+001,
       3.77310219e+001, 5.67403755e+001, 2.84114418e+001,
       1.40363035e+001, 1.31672163e+001, 1.80308037e+001,
       1.40093508e+001, 1.62964802e+001, 2.96056099e+001,
       2.25649071e+001, 1.50434542e+001, 1.21793175e+001,
       1.44592962e+001, 1.65467548e+001, 1.45984602e+001,
       1.38151817e+001, 1.85286026e+001, 3.73137169e+001,
       7.03550034e+001, 5.41580429e+001, 2.18182240e+001,
       8.01803493e+000, 4.37066936e+000, 4.84480286e+000,
       1.02956810e+001, 7.28504944e+001, 9.13028030e+001,
       3.80654945e+001, 1.22809677e+001, 6.17133379e+000,
       5.23635483e+000, 6.30422401e+000, 1.78680592e+001,
       3.81998100e+001, 3.37783585e+001, 1.85961075e+001,
       1.20166111e+001, 9.95396328e+000, 1.05154247e+001,
       1.14902706e+001, 1.86492634e+001, 1.11058378e+001,
       1.23279543e+001, 1.18547697e+001, 9.53868008e+000,
       1.11642141e+001, 1.30835314e+001, 1.13089705e+001,
       1.04869480e+001, 5.27954445e+001, 5.46373978e+001,
       4.20811577e+001, 2.70336971e+001, 1.39971523e+001,
       9.36687183e+000, 8.15567112e+000, 1.46691980e+001,
       1.31351212e+002, 8.89231110e+001, 2.28751774e+001,
       6.30944490e+000, 3.09587097e+000, 3.29805398e+000,
       5.86331272e+000, 3.35828171e+001, 8.25391541e+001,
       3.16805878e+001, 1.33179874e+001, 1.18049355e+001,
       1.34290457e+001, 1.49221640e+001, 1.54850502e+001,
       2.77214050e+001, 1.73564301e+001, 1.49644041e+001,
       1.36559086e+001, 1.24238253e+001, 1.18357859e+001,
       1.20389175e+001, 1.18599901e+001, 1.27513046e+001,
       5.32453728e+001, 1.38239202e+001, 9.56478405e+000,
       1.14072142e+001, 1.36108208e+001, 2.18827724e+001,
       4.03896523e+001, 5.94689140e+001, 1.31538681e+002,
       3.22292366e+001, 5.53393459e+000, 2.95965815e+000,
       2.73184609e+000, 5.48932123e+000, 2.37289982e+001,
       9.24167023e+001, 8.09895554e+001, 2.79620304e+001,
       1.65097294e+001, 1.40545797e+001, 1.28410063e+001,
       1.28490744e+001, 1.39259605e+001, 3.19539623e+001,
       1.70735645e+001, 1.29197912e+001, 1.36359749e+001,
       1.28381586e+001, 1.17365923e+001, 1.29952536e+001,
       1.39316559e+001, 1.65481720e+001, 3.85064087e+001,
       8.63027954e+000, 4.90745115e+000, 3.99667764e+000,
       6.88704300e+000, 1.87508297e+001, 5.62401505e+001,
       7.64091110e+001, 7.07313690e+001, 1.40498343e+001,
       5.63217831e+000, 4.53630733e+000, 5.17560530e+000,
       1.05652590e+001, 4.00768852e+001, 9.66786880e+001,
       3.49753189e+001, 1.62382526e+001, 1.05249166e+001,
       1.00583763e+001, 9.85334587e+000, 1.35771236e+001,
       2.12857151e+001, 3.52952080e+001, 1.14864740e+001,
       1.02743235e+001, 1.17522545e+001, 1.29881344e+001,
       1.15619364e+001, 1.16074991e+001, 1.32036066e+001,
       1.41215000e+001, 2.44321213e+001, 1.00377626e+001,
       7.53250456e+000, 1.77270546e+001, 3.46969414e+001,
       2.38991394e+001, 1.51587000e+001, 1.81027718e+001,
       3.07609940e+001, 1.81491394e+001, 1.34230404e+001,
       2.82136707e+001, 6.33996162e+001, 3.01218929e+001,
       1.28809748e+001, 1.45181646e+001, 9.23943558e+001,
       3.62676849e+001, 1.22906313e+001, 1.06529636e+001,
       1.41443596e+001, 9.59416866e+000, 1.21333647e+001,
       3.86811676e+001, 3.88312607e+001, 1.64827919e+001,
       7.76481819e+000, 7.62284899e+000, 1.56916828e+001,
       1.57437859e+001, 1.77313576e+001, 2.79866161e+001,
       3.15645313e+001, 1.65860424e+001, 8.86759090e+000,
       1.96013374e+001, 4.45004768e+001, 2.79694061e+001,
       1.66171131e+001, 2.31438808e+001, 3.93202667e+001,
       1.75038242e+001, 1.32911091e+001, 5.04034424e+001,
       1.07310707e+002, 4.34297333e+001, 9.68977070e+000,
       1.05234222e+001, 1.32762909e+002, 4.53561172e+001,
       9.62715054e+000, 1.23881454e+001, 1.64349899e+001,
       8.30210304e+000, 8.99569798e+000, 3.92452202e+001,
       5.33116646e+001, 1.56472273e+001, 7.78776264e+000,
       1.28599424e+001, 2.28895798e+001, 1.98073616e+001,
       1.87848949e+001, 2.62504787e+001, 3.23236122e+001,
       2.20239010e+001, 1.60157738e+001, 2.64450283e+001,
       4.49048767e+001, 2.19058323e+001, 9.92782021e+000,
       1.62361374e+001, 3.89010506e+001, 1.04383364e+001,
       9.52676868e+000, 3.86639595e+001, 1.05103249e+002,
       5.62217979e+001, 1.65119495e+001, 1.79756222e+001,
       1.32247131e+002, 3.87748566e+001, 8.34655857e+000,
       7.54588890e+000, 1.58226576e+001, 1.41782980e+001,
       1.28379536e+001, 4.80826950e+001, 5.31496162e+001,
       2.53231354e+001, 1.71983738e+001, 2.10081253e+001,
       2.26362324e+001, 1.27705545e+001, 9.31357574e+000,
       1.78212242e+001, 2.39192162e+001, 1.67485657e+001,
       1.38953152e+001, 2.33116627e+001, 3.56720848e+001,
       1.83341293e+001, 9.56453133e+000, 1.17299232e+001,
       2.98250484e+001, 1.56132889e+001, 1.22562141e+001,
       2.76472282e+001, 6.20745697e+001, 3.19158707e+001,
       1.55898657e+001, 1.69579353e+001, 8.82356567e+001,
       4.05004768e+001, 1.33962717e+001, 9.70602322e+000,
       1.62275333e+001, 1.29043980e+001, 1.30439768e+001,
       3.32423515e+001, 4.06171112e+001, 2.81338425e+001,
       1.72939777e+001, 1.65434990e+001, 1.61065960e+001,
       8.60229397e+000, 7.77007627e+000, 1.74034424e+001,
       3.25970535e+001, 2.35679779e+001, 1.97497959e+001,
       1.79185104e+001, 2.04402122e+001, 9.01392269e+000,
       7.69000816e+000, 1.20917282e+001, 8.69627380e+001,
       3.54193268e+001, 1.40032759e+001, 1.14717445e+001,
       1.85479107e+001, 1.28370190e+001, 1.24275188e+001,
       3.18423424e+001, 3.02858315e+001, 1.51179361e+001,
       1.39357080e+001, 3.05622444e+001, 6.86875534e+001,
       3.25090103e+001, 1.33861589e+001, 1.52882881e+001,
