%YAML:1.0
vocabulary: !!opencv-matrix
   rows: 10
   cols: 128
   dt: f
   data: [ 4.01628990e+001, 2.52451191e+001, 2.12194252e+001,
       2.12117176e+001, 2.77142868e+001, 7.36844826e+000,
       6.04727650e+000, 1.24763622e+001, 1.35852524e+002,
       6.29804764e+001, 1.54511824e+001, 6.17523146e+000,
       4.86742067e+000, 2.01027751e+000, 3.67625904e+000,
       2.95853043e+001, 8.99249802e+001, 3.16896210e+001,
       6.78417301e+000, 3.89003110e+000, 3.95991802e+000,
       4.24460459e+000, 8.16032887e+000, 2.77728691e+001,
       1.05375137e+001, 9.12281609e+000, 7.67368984e+000,
       4.93165493e+000, 6.55344343e+000, 8.58170605e+000,
       9.63566303e+000, 9.84121323e+000, 5.18720474e+001,
       1.94321690e+001, 1.58751287e+001, 2.22461472e+001,
       3.90133629e+001, 9.90596104e+000, 5.23484087e+000,
       1.23854065e+001, 1.55186035e+002, 4.30267220e+001,
       6.78006172e+000, 5.40801668e+000, 5.44809866e+000,
       1.96711206e+000, 2.65724564e+000, 4.33232269e+001,
       1.23123337e+002, 2.49614601e+001, 4.44090462e+000,
       3.31963015e+000, 4.85303211e+000, 4.59352541e+000,
       9.43628025e+000, 3.58967133e+001, 1.24121275e+001,
       8.99537563e+000, 7.61562204e+000, 6.41109991e+000,
       8.35303211e+000, 7.33093548e+000, 9.62846947e+000,
       1.02168550e+001, 5.37476883e+001, 1.08103809e+001,
       6.41212749e+000, 1.54116144e+001, 3.80472794e+001,
       1.48684483e+001, 9.59403896e+000, 1.88720455e+001,
       1.56360748e+002, 4.47245636e+001, 3.25642347e+000,
       2.39516973e+000, 4.73073006e+000, 2.55138755e+000,
       3.44193220e+000, 3.93165474e+001, 1.24599693e+002,
       3.60431671e+001, 7.87769794e+000, 4.36793423e+000,
       4.41161394e+000, 2.69167542e+000, 4.73741007e+000,
       2.33751297e+001, 1.14532375e+001, 9.40339184e+000,
       8.63360786e+000, 7.32528305e+000, 9.24666023e+000,
       5.27286768e+000, 7.22713280e+000, 8.29856110e+000,
       4.12060661e+001, 8.36022663e+000, 4.90698910e+000,
       8.95015430e+000, 2.66546764e+001, 1.71171646e+001,
       1.59198360e+001, 2.53931160e+001, 1.42464554e+002,
       3.04907513e+001, 3.36485100e+000, 1.53751290e+000,
       3.80883884e+000, 4.09815025e+000, 9.10431671e+000,
       5.73088417e+001, 9.74876709e+001, 3.24707108e+001,
       7.05241537e+000, 3.02620769e+000, 3.04162407e+000,
       2.32065797e+000, 5.41007233e+000, 2.50313473e+001,
       9.56372070e+000, 9.91161442e+000, 9.06474876e+000,
       7.08119249e+000, 8.03442955e+000, 4.14748240e+000,
       5.87307310e+000, 7.06166506e+000, 2.26482468e+001,
       7.25609016e+000, 5.55436707e+000, 1.51836004e+001,
       4.32067719e+001, 2.02204399e+001, 9.99702930e+000,
       1.58490782e+001, 2.89239445e+001, 1.76636963e+001,
       1.53802729e+001, 3.35181198e+001, 7.66434937e+001,
       2.68859177e+001, 8.25193119e+000, 1.18758163e+001,
       9.33452148e+001, 4.25846710e+001, 1.39459295e+001,
       1.06238861e+001, 1.30356503e+001, 5.87225199e+000,
       6.72251892e+000, 3.00665474e+001, 3.56476517e+001,
       1.44991083e+001, 5.80392122e+000, 6.42008305e+000,
       1.13588829e+001, 8.60130692e+000, 8.77956009e+000,
       1.92180634e+001, 2.54402847e+001, 1.19025545e+001,
       6.32679701e+000, 2.05026741e+001, 5.84010696e+001,
       2.45567436e+001, 9.52762890e+000, 1.74123592e+001,
       3.56191330e+001, 2.15822926e+001, 1.80564461e+001,
       6.51360626e+001, 1.22733215e+002, 3.67492561e+001,
       4.67617321e+000, 7.25609016e+000, 1.37099823e+002,
       6.30154457e+001, 1.45026731e+001, 1.69691029e+001,
       1.84515743e+001, 5.82174683e+000, 3.69934630e+000,
       2.80677357e+001, 5.62554932e+001, 1.37415323e+001,
       4.87938213e+000, 9.07130146e+000, 1.82834225e+001,
       1.10825901e+001, 8.53416538e+000, 2.08502674e+001,
       2.60308971e+001, 1.64569225e+001, 6.84848452e+000,
       2.23220444e+001, 6.16084366e+001, 2.40213890e+001,
       6.87403440e+000, 1.19898987e+001, 3.67106361e+001,
       8.63398647e+000, 4.59655380e+000, 3.37106361e+001,
       1.23736183e+002, 7.07284622e+001, 1.49857397e+001,
       1.96898384e+001, 1.37288177e+002, 2.85472355e+001,
       4.22222233e+000, 5.82649994e+000, 1.92043972e+001,
       1.79364223e+001, 1.25603085e+001, 6.00005913e+001,
       5.74248352e+001, 1.72186565e+001, 1.01039810e+001,
       1.48342247e+001, 1.67029114e+001, 8.00118828e+000,
       6.04991055e+000, 1.86559715e+001, 1.93392754e+001,
       1.20493164e+001, 8.01010036e+000, 1.84985142e+001,
       4.51301231e+001, 2.13897800e+001, 7.62566805e+000,
       1.06660719e+001, 2.61824112e+001, 1.09601898e+001,
       7.22459888e+000, 2.25852642e+001, 8.08597717e+001,
       4.69393921e+001, 1.68948307e+001, 1.74266186e+001,
       9.74331512e+001, 2.90653591e+001, 6.79797983e+000,
       6.34343433e+000, 1.61354713e+001, 1.41550798e+001,
       1.35157452e+001, 4.10808067e+001, 4.14711800e+001,
       1.92376709e+001, 9.52049923e+000, 1.16838980e+001,
       1.38169928e+001, 5.13368988e+000, 5.28936434e+000,
       1.65757580e+001, 3.05577965e+001, 1.24989405e+001,
       6.70307589e+000, 1.69135742e+001, 3.75524940e+001,
       1.31792164e+001, 6.22587538e+000, 1.09469786e+001,
       1.08915703e+002, 2.62497368e+001, 5.43637371e+000,
       8.78950214e+000, 2.37677631e+001, 9.41675568e+000,
       7.80752945e+000, 3.11611900e+001, 3.92863235e+001,
       1.16389189e+001, 5.03552532e+000, 2.21839886e+001,
       9.04130478e+001, 2.57741261e+001, 8.05408287e+000,
       1.46951227e+001, 3.41595993e+001, 1.58239670e+001,
       6.77995777e+000, 1.51320267e+001, 3.22359505e+001,
       1.20880175e+001, 5.24973536e+000, 1.27905626e+001,
       4.21654320e+001, 1.37910929e+001, 6.58801746e+000,
       2.22974567e+001, 5.10880203e+001, 1.55593853e+001,
       4.90137863e+000, 1.03743382e+001, 1.35068405e+002,
       2.50031834e+001, 3.26299071e+000, 8.37592793e+000,
       2.84172859e+001, 1.24337225e+001, 1.00853662e+001,
       4.26044579e+001, 4.59618263e+001, 9.82184601e+000,
       3.29109240e+000, 2.99400864e+001, 1.24463425e+002,
       4.31299057e+001, 1.06956530e+001, 1.50636272e+001,
       4.32497368e+001, 2.04782619e+001, 5.40402985e+000,
       1.52465544e+001, 4.00100746e+001, 1.15646877e+001,
       5.56415701e+000, 1.79056206e+001, 4.54130478e+001,
       1.15641575e+001, 4.54294825e+000, 1.68716869e+001,
       5.03260880e+001, 2.20143166e+001, 7.39607668e+000,
       1.18637333e+001, 1.37607117e+002, 3.47815514e+001,
       5.46553564e+000, 1.42783680e+001, 2.84390259e+001,
       8.80275726e+000, 4.20519638e+000, 2.62523880e+001,
       4.44533424e+001, 1.24236488e+001, 7.26405144e+000,
       4.76060486e+001, 1.24931076e+002, 3.43181343e+001,
       4.88600254e+000, 1.01230125e+001, 4.57624626e+001,
       1.69141045e+001, 4.78366947e+000, 1.06951227e+001,
       3.80159073e+001, 1.46500540e+001, 6.79851580e+000,
       2.35742321e+001, 3.42184525e+001, 1.27895021e+001,
       5.32608747e+000, 1.13462362e+001, 3.58319206e+001,
       1.93488884e+001, 9.69300175e+000, 1.40058336e+001,
       1.14417824e+002, 3.16421013e+001, 6.85524940e+000,
       1.11606579e+001, 2.55535545e+001, 9.67126274e+000,
       6.65376472e+000, 2.88319206e+001, 3.44119835e+001,
       1.44973497e+001, 1.08107109e+001, 3.26357384e+001,
       9.46654358e+001, 2.21553574e+001, 7.07264090e+000,
       1.40068941e+001, 3.67205734e+001, 1.89024391e+001,
       8.53817654e+000, 1.14188766e+001, 3.37120895e+001,
       1.16113472e+001, 5.51007462e+000, 1.83531284e+001,
       1.67936516e+001, 1.72184868e+001, 2.31139126e+001,
       2.36013069e+001, 2.70774975e+001, 2.25042019e+001,
       1.43183937e+001, 1.49066296e+001, 6.47675095e+001,
       4.24649849e+001, 2.83594780e+001, 1.69187679e+001,
       1.76956120e+001, 1.41335201e+001, 1.23473387e+001,
       2.60448189e+001, 1.03714287e+002, 4.61802063e+001,
       1.07189541e+001, 5.15219402e+000, 9.13258648e+000,
       7.53874874e+000, 1.28291321e+001, 4.10261421e+001,
