%YAML:1.0
Word-hist 0: 1950
Word-hist 1: 1688
Word-hist 2: 1888
Word-hist 3: 1077
Word-hist 4: 1112
Word-hist 5: 1583
Word-hist 6: 1855
Word-hist 7: 993
Word-hist 8: 1224
Word-hist 9: 1493
