%YAML:1.0
vocabulary: !!opencv-matrix
   rows: 10
   cols: 128
   dt: f
   data: [ 2.72720852e+001, 3.71349602e+001, 3.54108391e+001,
       2.65775070e+001, 2.00208664e+001, 8.84363079e+000,
       6.08238459e+000, 1.05401077e+001, 8.22365799e+001,
       6.30886154e+001, 2.91449852e+001, 1.25219507e+001,
       8.40840054e+000, 7.09322500e+000, 9.57127380e+000,
       2.87528458e+001, 4.98162575e+001, 3.09157181e+001,
       1.88574524e+001, 1.56620588e+001, 1.52959347e+001,
       1.51013546e+001, 1.93907852e+001, 2.92997284e+001,
       1.12810297e+001, 1.45355015e+001, 1.86271000e+001,
       2.48168011e+001, 2.11143627e+001, 1.82894306e+001,
       1.53794031e+001, 1.15298100e+001, 3.93273697e+001,
       2.52176151e+001, 2.60089417e+001, 3.17382107e+001,
       3.35544701e+001, 2.17588062e+001, 1.07059622e+001,
       1.38314362e+001, 1.28215988e+002, 5.70463409e+001,
       1.73577232e+001, 1.01062326e+001, 7.59620571e+000,
       5.94742537e+000, 8.42276382e+000, 4.93376694e+001,
       6.52915955e+001, 3.03799458e+001, 3.44059601e+001,
       4.40327911e+001, 3.09498634e+001, 1.85046062e+001,
       1.78138199e+001, 2.74265575e+001, 1.28279133e+001,
       2.28306236e+001, 3.74956627e+001, 4.12162590e+001,
       2.31102982e+001, 1.48772354e+001, 1.21157179e+001,
       9.84579945e+000, 3.01850948e+001, 1.58178854e+001,
       1.24834690e+001, 1.92333336e+001, 2.97658539e+001,
       3.48479652e+001, 2.81758804e+001, 2.10739841e+001,
       1.12552574e+002, 8.91100235e+001, 4.40046043e+001,
       1.63658524e+001, 9.62466145e+000, 1.13322487e+001,
       1.29116526e+001, 2.65070457e+001, 2.98617878e+001,
       6.75715408e+001, 8.50411911e+001, 6.18747940e+001,
       2.38691044e+001, 7.71598911e+000, 5.94471550e+000,
       8.63712692e+000, 2.05682926e+001, 3.70368538e+001,
       4.61135483e+001, 3.30848236e+001, 1.65747967e+001,
       1.02040644e+001, 1.14582653e+001, 1.63932247e+001,
       1.51116524e+001, 1.37598915e+001, 1.28371267e+001,
       1.46967478e+001, 2.10054188e+001, 2.64439011e+001,
       2.49598904e+001, 1.81468830e+001, 2.70246601e+001,
       3.40235748e+001, 2.54289970e+001, 1.69542007e+001,
       1.80504055e+001, 2.52178860e+001, 2.50555553e+001,
       2.22899723e+001, 2.83284550e+001, 4.52821121e+001,
       3.74672089e+001, 2.01799450e+001, 1.31067743e+001,
       1.47940378e+001, 2.00761509e+001, 2.45704594e+001,
       2.46471539e+001, 3.35425453e+001, 2.90661240e+001,
       1.56956635e+001, 1.02951221e+001, 9.62953949e+000,
       1.47357721e+001, 2.25447159e+001, 3.13020210e+001,
       1.68318768e+001, 1.43029251e+001, 1.83899269e+001,
       2.33674603e+001, 6.66993380e+000, 5.25738859e+000,
       9.70159817e+000, 1.16674156e+002, 4.25013580e+001,
       1.07735224e+001, 7.81544018e+000, 8.35298538e+000,
       2.78000617e+000, 4.16797352e+000, 2.81182156e+001,
       1.21619576e+002, 3.41887817e+001, 4.24125481e+000,
       2.25060320e+000, 3.43998790e+000, 4.09650183e+000,
       7.42385435e+000, 4.07665863e+001, 2.76819973e+001,
       1.06081123e+001, 5.56031370e+000, 5.64369726e+000,
       1.50099516e+001, 1.23363991e+001, 1.07098913e+001,
       1.78050365e+001, 4.24929123e+001, 1.43525333e+001,
       9.52638721e+000, 1.64246082e+001, 2.90664959e+001,
       9.03106117e+000, 5.75588083e+000, 1.29110374e+001,
       1.37505737e+002, 3.19062119e+001, 5.87454748e+000,
       6.13585663e+000, 9.95687580e+000, 4.06468630e+000,
       4.25588083e+000, 3.65129662e+001, 1.39876968e+002,
       3.45177917e+001, 3.35434270e+000, 2.10449338e+000,
       3.77729201e+000, 3.60901690e+000, 6.39354658e+000,
       3.87071762e+001, 3.52169800e+001, 1.27748795e+001,
       6.40018082e+000, 7.57569361e+000, 1.80512676e+001,
       1.16868219e+001, 9.07961369e+000, 1.48400183e+001,
       4.39739151e+001, 1.32456274e+001, 6.46290731e+000,
       1.19341078e+001, 2.85508137e+001, 1.21797352e+001,
       6.66254520e+000, 1.33759050e+001, 1.37591522e+002,
       3.55315132e+001, 3.90832329e+000, 3.88902307e+000,
       9.26342010e+000, 4.63299179e+000, 4.85901690e+000,
       3.30422211e+001, 1.40527451e+002, 3.79745178e+001,
       5.36534977e+000, 2.81302786e+000, 3.68968630e+000,
       2.54342580e+000, 4.03965616e+000, 3.52973480e+001,
       3.44684868e+001, 1.53522320e+001, 8.47858906e+000,
       1.03474064e+001, 1.85366402e+001, 8.08941460e+000,
       6.38811827e+000, 1.09295835e+001, 3.37869415e+001,
       1.04953260e+001, 4.90983105e+000, 7.96305799e+000,
       2.22561817e+001, 1.40948429e+001, 1.01133900e+001,
       1.56482210e+001, 1.20224823e+002, 3.08502712e+001,
       4.64897490e+000, 3.16601324e+000, 6.71984339e+000,
       4.91510868e+000, 6.98311234e+000, 3.93650475e+001,
       1.22316048e+002, 4.63716850e+001, 7.97270823e+000,
       3.82433653e+000, 3.07931256e+000, 1.91239452e+000,
       3.73416781e+000, 2.79733124e+001, 2.69164658e+001,
       1.97613087e+001, 1.10910740e+001, 1.10182447e+001,
       1.48908329e+001, 5.28950548e+000, 4.86474657e+000,
       8.03588676e+000, 2.29569321e+001, 9.48340988e+000,
       6.67985058e+000, 1.66673260e+001, 3.63197098e+001,
       1.66361237e+001, 9.13117981e+000, 1.49110088e+001,
       3.19795647e+001, 1.50872335e+001, 1.25161505e+001,
       3.12535706e+001, 7.28978271e+001, 2.61619415e+001,
       8.27268696e+000, 1.13840914e+001, 1.01155792e+002,
       3.42414856e+001, 1.08316851e+001, 1.07121515e+001,
       1.98529987e+001, 9.94155121e+000, 8.36892986e+000,
       3.18863983e+001, 3.33260803e+001, 1.20131836e+001,
       6.10459232e+000, 1.16912766e+001, 3.90602074e+001,
       1.82228088e+001, 9.50802040e+000, 1.72911453e+001,
       3.02326965e+001, 1.48435507e+001, 7.60931683e+000,
       1.94104595e+001, 4.62355537e+001, 1.89659424e+001,
       9.42781830e+000, 1.91626015e+001, 4.15535049e+001,
       1.74803333e+001, 1.28773899e+001, 5.43175125e+001,
       1.11157547e+002, 3.33950768e+001, 6.06899595e+000,
       8.85475731e+000, 1.35925735e+002, 4.80338402e+001,
       9.30191135e+000, 1.44163923e+001, 2.41652374e+001,
       9.02131367e+000, 5.13887072e+000, 2.98220177e+001,
       4.56398582e+001, 1.16315098e+001, 5.32124805e+000,
       1.62972965e+001, 5.34653931e+001, 2.32682934e+001,
       9.91935825e+000, 1.67016048e+001, 3.21467819e+001,
       1.80553722e+001, 9.29158401e+000, 2.14177113e+001,
       4.78978233e+001, 1.86519451e+001, 6.70687771e+000,
       1.43139973e+001, 4.28798065e+001, 8.51900673e+000,
       5.74576998e+000, 3.52496147e+001, 1.10649086e+002,
       5.55640526e+001, 1.24377060e+001, 1.84856071e+001,
       1.35837616e+002, 2.74442978e+001, 4.73500347e+000,
       8.65260410e+000, 2.40437260e+001, 1.49556141e+001,
       9.51153564e+000, 4.97615891e+001, 4.66126137e+001,
       1.52324762e+001, 9.72972965e+000, 2.34638538e+001,
       5.33720055e+001, 1.62821350e+001, 6.29004622e+000,
       1.41360140e+001, 2.35082397e+001, 1.39520988e+001,
       9.21885300e+000, 1.94056244e+001, 3.70511971e+001,
       1.69560528e+001, 7.39529753e+000, 1.10138435e+001,
       3.37103920e+001, 1.29624262e+001, 7.94111204e+000,
       2.52537899e+001, 6.95502090e+001, 3.50171394e+001,
       1.42860909e+001, 1.74087009e+001, 1.03486267e+002,
       2.93414631e+001, 7.49549532e+000, 9.45638275e+000,
       2.21808395e+001, 1.30358162e+001, 1.16312895e+001,
       3.69336395e+001, 3.53744240e+001, 1.60151615e+001,
       9.31267834e+000, 1.88573933e+001, 4.48211365e+001,
       1.16677656e+001, 6.10656977e+000, 1.36534824e+001,
       1.66544552e+001, 1.64113865e+001, 2.07930698e+001,
       2.32433167e+001, 2.75341587e+001, 1.83811893e+001,
       1.52821789e+001, 1.38844061e+001, 3.01324272e+001,
       2.07180691e+001, 1.98750000e+001, 1.95534668e+001,
       1.94851494e+001, 1.84873772e+001, 2.97240105e+001,
       3.73183174e+001, 2.70623779e+001, 2.02559414e+001,
       1.56462879e+001, 1.41195545e+001, 1.56368818e+001,
       2.37034664e+001, 3.84901009e+001, 4.10391121e+001,
