%YAML:1.0
Word-hist 0: 3714
Word-hist 1: 6660
Word-hist 2: 4566
Word-hist 3: 4043
Word-hist 4: 3519
Word-hist 5: 3618
Word-hist 6: 3467
Word-hist 7: 3588
Word-hist 8: 2228
Word-hist 9: 3774
