%YAML:1.0
vocabulary: !!opencv-matrix
   rows: 10
   cols: 128
   dt: f
   data: [ 2.24895191e+001, 2.88335152e+001, 2.78231697e+001,
       1.80927048e+001, 1.13430443e+001, 1.04083862e+001,
       1.58631916e+001, 1.85166092e+001, 2.10511856e+001,
       3.11471558e+001, 3.54872055e+001, 2.32741642e+001,
       1.77631378e+001, 1.88299770e+001, 2.02612305e+001,
       1.97928123e+001, 2.80645256e+001, 2.70989666e+001,
       2.33399143e+001, 1.57105913e+001, 1.51034584e+001,
       2.27625923e+001, 2.74489536e+001, 2.91803722e+001,
       1.84669209e+001, 1.34479990e+001, 1.19192762e+001,
       1.07491159e+001, 1.24411926e+001, 2.27028332e+001,
       2.81109467e+001, 2.43619671e+001, 2.38243942e+001,
       3.79323463e+001, 4.91110840e+001, 3.59025345e+001,
       1.62956715e+001, 8.88592434e+000, 9.14375210e+000,
       1.34578009e+001, 3.20385246e+001, 5.52538834e+001,
       8.17549744e+001, 6.47503433e+001, 2.48783016e+001,
       8.89082527e+000, 6.40307665e+000, 9.17029667e+000,
       1.12086449e+002, 7.52875061e+001, 4.02877769e+001,
       1.49315281e+001, 7.93384171e+000, 1.17093658e+001,
       1.85799084e+001, 4.06305504e+001, 3.22404060e+001,
       1.51114902e+001, 1.18435888e+001, 1.57466650e+001,
       2.24980946e+001, 3.52615051e+001, 3.48561134e+001,
       2.90243683e+001, 1.80464211e+001, 2.68546162e+001,
       3.90275002e+001, 3.87276077e+001, 2.48472652e+001,
       1.54289417e+001, 1.10439701e+001, 1.13976316e+001,
       6.54602509e+001, 3.02956715e+001, 3.65805893e+001,
       4.61474304e+001, 3.14322090e+001, 1.59066162e+001,
       1.38248034e+001, 2.48868790e+001, 1.27912880e+002,
       6.77319641e+001, 2.14541264e+001, 1.04750891e+001,
       6.69493628e+000, 5.04301691e+000, 7.33365107e+000,
       4.49893837e+001, 3.96579094e+001, 3.23601990e+001,
       3.31879959e+001, 3.13290234e+001, 2.68408661e+001,
       1.99115181e+001, 1.31810513e+001, 1.48433170e+001,
       1.25793638e+001, 1.50765047e+001, 1.95006809e+001,
       2.33682289e+001, 2.43226261e+001, 2.28448143e+001,
       1.90264091e+001, 1.32497959e+001, 4.47832832e+001,
       3.06956177e+001, 2.20804520e+001, 1.95322628e+001,
       1.76911259e+001, 1.72617760e+001, 2.00170174e+001,
       2.78057461e+001, 7.96452484e+001, 6.83310699e+001,
       3.35043564e+001, 1.32955351e+001, 7.40375757e+000,
       6.37026978e+000, 9.93220806e+000, 2.83514843e+001,
       3.01329994e+001, 4.43324280e+001, 4.02798805e+001,
       2.48325634e+001, 1.54303026e+001, 8.05213737e+000,
       7.77021551e+000, 1.23546152e+001, 2.75819969e+001,
       3.52786713e+001, 3.50473671e+001, 2.46585579e+001,
       1.47234392e+001, 7.47883224e+000, 6.59026814e+000,
       1.15583134e+001, 8.11236038e+001, 5.60590439e+001,
       2.84118423e+001, 1.33508520e+001, 7.89910841e+000,
       7.20908403e+000, 1.09860506e+001, 3.40862961e+001,
       4.96095734e+001, 2.96381187e+001, 2.10862942e+001,
       1.93711281e+001, 1.73459854e+001, 1.61565304e+001,
       2.10729942e+001, 3.24935951e+001, 1.37985411e+001,
       1.57305765e+001, 2.05579891e+001, 2.71631794e+001,
       2.31248989e+001, 1.90178432e+001, 1.67287922e+001,
       1.39605846e+001, 4.03047867e+001, 2.52759132e+001,
       2.72473660e+001, 2.89876728e+001, 2.41394978e+001,
       1.75005684e+001, 1.07602596e+001, 1.42175188e+001,
       1.27401306e+002, 5.48149261e+001, 1.82626114e+001,
       1.05403090e+001, 6.41103029e+000, 6.11549091e+000,
       9.35263634e+000, 5.04356880e+001, 6.22290382e+001,
       2.92888908e+001, 3.60364990e+001, 5.02405548e+001,
       3.72851601e+001, 2.17644787e+001, 1.86442833e+001,
       2.71221428e+001, 1.84561234e+001, 2.62481766e+001,
       3.93236008e+001, 4.37208443e+001, 2.55579891e+001,
       1.56995955e+001, 1.21412821e+001, 1.21044607e+001,
       3.24543419e+001, 1.59597740e+001, 1.26796436e+001,
       1.71588001e+001, 2.20509338e+001, 2.95498791e+001,
       2.70223846e+001, 2.18595314e+001, 1.11458557e+002,
       8.77954636e+001, 4.87223053e+001, 1.87798882e+001,
       8.22319603e+000, 9.70186615e+000, 1.18147612e+001,
       2.53004074e+001, 2.83433914e+001, 6.24212532e+001,
       8.84556427e+001, 7.08671570e+001, 2.83317127e+001,
       8.40519047e+000, 5.55085182e+000, 8.21119213e+000,
       2.58064899e+001, 4.04609909e+001, 4.65519905e+001,
       3.52519073e+001, 1.83283062e+001, 1.07599354e+001,
       1.08551502e+001, 1.67424183e+001, 1.67818336e+001,
       1.44339018e+001, 1.35429039e+001, 1.35516634e+001,
       1.67928638e+001, 2.32598553e+001, 2.26201153e+001,
       1.80765629e+001, 2.55062466e+001, 3.31177635e+001,
       2.82280636e+001, 1.94364967e+001, 1.81137066e+001,
       2.23708038e+001, 2.17422562e+001, 1.97203579e+001,
       2.54699116e+001, 4.12442856e+001, 3.98671532e+001,
       2.33021908e+001, 1.47811852e+001, 1.45936747e+001,
       1.81455002e+001, 2.24788322e+001, 2.76749401e+001,
       3.42888908e+001, 2.93782654e+001, 1.70874290e+001,
       1.06755886e+001, 1.00679646e+001, 1.36760750e+001,
       2.21203575e+001, 3.45415497e+001, 1.89854908e+001,
       1.39453726e+001, 1.50058260e+001, 1.37787428e+001,
       5.38722801e+000, 5.31127739e+000, 1.11828976e+001,
       1.15199936e+002, 4.18479881e+001, 9.52615929e+000,
       6.89360285e+000, 6.86502552e+000, 3.08023739e+000,
       4.84952736e+000, 3.02587395e+001, 1.19636955e+002,
       3.33508453e+001, 4.58584309e+000, 2.73169923e+000,
       4.19916487e+000, 4.50934267e+000, 9.23345757e+000,
       4.40255013e+001, 3.47725868e+001, 1.17108154e+001,
       5.57210398e+000, 4.82930326e+000, 9.87249947e+000,
       1.21753130e+001, 1.35748520e+001, 2.30968342e+001,
       4.63495293e+001, 1.65922184e+001, 1.01476154e+001,
       1.24621897e+001, 15., 7.15992546e+000, 6.36381626e+000,
       1.51536608e+001, 1.36268738e+002, 3.30830956e+001,
       6.64211941e+000, 5.82809401e+000, 8.09012985e+000,
       4.31006813e+000, 4.93943739e+000, 3.75789185e+001,
       1.39439774e+002, 3.57442284e+001, 4.08672237e+000,
       2.77269745e+000, 4.66882849e+000, 4.28160048e+000,
       7.81094742e+000, 4.09431763e+001, 4.34270172e+001,
       1.45670481e+001, 6.87744570e+000, 6.84282255e+000,
       1.08322706e+001, 1.13529348e+001, 1.12173004e+001,
       1.96526718e+001, 4.70564957e+001, 1.49702139e+001,
       7.11222267e+000, 8.69740582e+000, 1.41699276e+001,
       9.82556629e+000, 7.86832285e+000, 1.58064413e+001,
       1.36196304e+002, 3.76743240e+001, 4.88415051e+000,
       4.25225353e+000, 7.50505638e+000, 4.74137163e+000,
       5.67135620e+000, 3.42907219e+001, 1.39810181e+002,
       4.26586075e+001, 6.99219608e+000, 3.67432404e+000,
       4.27423620e+000, 2.79424047e+000, 4.47482967e+000,
       3.64162445e+001, 4.27684097e+001, 1.96122227e+001,
       1.06497030e+001, 1.02411518e+001, 1.14265776e+001,
       7.33347988e+000, 7.01846552e+000, 1.38066607e+001,
       3.58781052e+001, 1.13361177e+001, 5.39525175e+000,
       5.79632902e+000, 1.19286661e+001, 1.17976484e+001,
       1.08023739e+001, 1.75759506e+001, 1.15849861e+002,
       3.18582115e+001, 5.30479240e+000, 3.30413270e+000,
       5.57144451e+000, 4.82204866e+000, 7.20707846e+000,
       3.97252159e+001, 1.20186089e+002, 5.03476601e+001,
       9.19487858e+000, 4.13387585e+000, 3.27500558e+000,
       2.38876677e+000, 4.32798433e+000, 2.90873814e+001,
       3.43729401e+001, 2.42311497e+001, 1.37510443e+001,
       1.12976484e+001, 9.56660843e+000, 4.68234777e+000,
       5.02099371e+000, 1.05621014e+001, 1.49743643e+001,
       1.14963083e+001, 1.72910175e+001, 4.03697701e+001,
       7.76113586e+001, 2.40381470e+001, 6.96493006e+000,
       6.99487305e+000, 7.90598831e+001, 4.06244888e+001,
       2.30605011e+001, 2.08654633e+001, 2.14817467e+001,
       7.43703842e+000, 6.86874485e+000, 2.55090237e+001,
       6.23662834e+001, 3.05623455e+001, 1.40434780e+001,
       1.35467596e+001, 1.68800240e+001, 1.13275223e+001,
       1.17977848e+001, 2.86140270e+001, 2.13742828e+001,
