%YAML:1.0
Word-hist 0: 7402
Word-hist 1: 6212
Word-hist 2: 9139
Word-hist 3: 4883
Word-hist 4: 7019
Word-hist 5: 5782
Word-hist 6: 5661
Word-hist 7: 6230
Word-hist 8: 5037
Word-hist 9: 6791
