%YAML:1.0
vocabulary: !!opencv-matrix
   rows: 10
   cols: 128
   dt: f
   data: [ 2.70745544e+001, 3.59341278e+001, 3.54423637e+001,
       2.46015110e+001, 1.44659367e+001, 7.31479788e+000,
       6.62361813e+000, 1.09915409e+001, 8.07543411e+001,
       5.83986015e+001, 2.89428139e+001, 1.32558088e+001,
       7.73618317e+000, 6.92070818e+000, 1.05967741e+001,
       3.23572083e+001, 4.95840263e+001, 3.07251282e+001,
       2.06223774e+001, 1.78812313e+001, 1.68202114e+001,
       1.56192188e+001, 1.99899616e+001, 3.05398140e+001,
       1.38101730e+001, 1.70254898e+001, 1.96426792e+001,
       2.53459282e+001, 2.22027969e+001, 1.86708775e+001,
       1.57294149e+001, 1.29192419e+001, 3.91362495e+001,
       2.55018044e+001, 2.73680344e+001, 2.96658020e+001,
       2.46306114e+001, 1.85470333e+001, 1.14123611e+001,
       1.38534851e+001, 1.27760429e+002, 5.61118851e+001,
       1.81771927e+001, 1.04256706e+001, 6.25456762e+000,
       6.11448193e+000, 9.40040588e+000, 5.07226486e+001,
       6.28792000e+001, 3.00779381e+001, 3.48247223e+001,
       4.67778015e+001, 3.60311279e+001, 2.18643131e+001,
       1.84965038e+001, 2.67987804e+001, 1.89967289e+001,
       2.72095642e+001, 3.74011955e+001, 3.99316483e+001,
       2.45306778e+001, 1.60195122e+001, 1.19500332e+001,
       1.17227612e+001, 3.10416183e+001, 1.54165344e+001,
       1.26247463e+001, 1.73904800e+001, 2.21275654e+001,
       3.17606583e+001, 2.91074886e+001, 2.21544094e+001,
       1.11540825e+002, 8.81514740e+001, 4.76880188e+001,
       1.83440113e+001, 8.28141212e+000, 1.04901867e+001,
       1.33583345e+001, 2.65941792e+001, 2.90907955e+001,
       6.47833252e+001, 8.77241135e+001, 6.73067856e+001,
       2.71277905e+001, 8.24396515e+000, 5.86950111e+000,
       8.91123390e+000, 2.74902992e+001, 4.13546104e+001,
       4.48891258e+001, 3.23383713e+001, 1.75672226e+001,
       1.02852468e+001, 1.06262121e+001, 1.76174145e+001,
       1.61547489e+001, 1.43895779e+001, 1.27932549e+001,
       1.26497850e+001, 1.69996605e+001, 2.51661396e+001,
       2.49936829e+001, 1.90362053e+001, 2.54817276e+001,
       3.23186340e+001, 2.57046013e+001, 1.75594406e+001,
       1.86874580e+001, 2.48653278e+001, 2.46561012e+001,
       2.14267979e+001, 2.69592819e+001, 4.17794952e+001,
       3.67743073e+001, 2.12590790e+001, 1.45196247e+001,
       1.58230314e+001, 2.06357994e+001, 2.48935261e+001,
       2.91002693e+001, 3.46248589e+001, 2.74116840e+001,
       1.54354839e+001, 1.05063162e+001, 9.81333160e+000,
       1.39375134e+001, 2.41114368e+001, 2.21769199e+001,
       9.72023201e+000, 7.18329287e+000, 1.74742641e+001,
       3.64432640e+001, 1.80731049e+001, 9.68025112e+000,
       1.58056974e+001, 3.23273773e+001, 1.45578947e+001,
       1.19368420e+001, 3.05972958e+001, 7.40336075e+001,
       2.78195076e+001, 9.00038624e+000, 1.26784163e+001,
       1.04155380e+002, 3.34986000e+001, 1.00415258e+001,
       1.03767262e+001, 1.97155972e+001, 9.87271881e+000,
       7.95876408e+000, 3.33643646e+001, 3.55655251e+001,
       1.31209078e+001, 6.07580900e+000, 1.15681314e+001,
       3.92361183e+001, 1.83788509e+001, 9.33182049e+000,
       1.78898125e+001, 2.96444225e+001, 1.52435541e+001,
       7.75731516e+000, 1.87473679e+001, 4.46252060e+001,
       2.09864807e+001, 1.03005314e+001, 1.99613705e+001,
       4.12417183e+001, 1.66840172e+001, 1.14644136e+001,
       5.24808311e+001, 1.11084595e+002, 3.64851761e+001,
       6.67716074e+000, 9.11453438e+000, 1.35754135e+002,
       4.48339920e+001, 8.06875896e+000, 1.39721870e+001,
       2.43168526e+001, 9.22790909e+000, 4.78464508e+000,
       2.97072906e+001, 4.68960876e+001, 1.24565907e+001,
       5.42192173e+000, 1.65207138e+001, 5.41733475e+001,
       2.34939651e+001, 9.18860435e+000, 1.68728142e+001,
       3.04542732e+001, 1.84443264e+001, 1.03401251e+001,
       2.19203281e+001, 4.56134224e+001, 1.89888935e+001,
       7.12457752e+000, 1.44128437e+001, 4.14660568e+001,
       8.75403214e+000, 6.24094629e+000, 3.68409462e+001,
       1.08791985e+002, 5.51937218e+001, 1.21234188e+001,
       1.75691929e+001, 1.35724777e+002, 2.76559143e+001,
       4.57170439e+000, 8.64925194e+000, 2.37968140e+001,
       1.48765812e+001, 9.09657192e+000, 4.78027992e+001,
       4.72564926e+001, 1.55746012e+001, 9.36600685e+000,
       2.28320618e+001, 5.37760506e+001, 1.73204250e+001,
       6.22964764e+000, 1.40068569e+001, 2.19467888e+001,
       1.38433609e+001, 9.29850292e+000, 2.02557220e+001,
       3.64603577e+001, 1.69560604e+001, 7.55702543e+000,
       1.05223560e+001, 3.30472221e+001, 1.32823753e+001,
       7.91656208e+000, 2.59089336e+001, 6.78434601e+001,
       3.39714165e+001, 1.34345722e+001, 1.68038635e+001,
       1.03193047e+002, 3.00482864e+001, 7.48739719e+000,
       9.88054085e+000, 2.14423943e+001, 1.22211494e+001,
       1.05361662e+001, 3.56792870e+001, 3.62863350e+001,
       1.68466434e+001, 9.63022709e+000, 1.88164177e+001,
       4.38469353e+001, 1.14329309e+001, 5.85939169e+000,
       1.34756155e+001, 1.42897396e+001, 1.08262892e+001,
       1.77315254e+001, 4.07838898e+001, 7.91992264e+001,
       2.28188457e+001, 7.03734684e+000, 7.03149891e+000,
       7.95963593e+001, 4.07842903e+001, 2.33969955e+001,
       2.03106060e+001, 2.12109241e+001, 7.42437506e+000,
       6.58718777e+000, 2.54185276e+001, 6.59993362e+001,
       3.06338387e+001, 1.33054228e+001, 1.23013020e+001,
       1.51108456e+001, 1.05562201e+001, 1.09610577e+001,
       2.92775116e+001, 2.21048641e+001, 1.69686337e+001,
       1.18774586e+001, 1.40326948e+001, 1.63746681e+001,
       1.28811798e+001, 9.96982956e+000, 1.37145138e+001,
       1.96407490e+001, 6.67676783e+000, 9.06299782e+000,
       4.61089859e+001, 1.16194046e+002, 3.60931664e+001,
       5.18593836e+000, 6.41121721e+000, 1.19124535e+002,
       3.02756500e+001, 9.99162674e+000, 1.54972086e+001,
       2.55816059e+001, 9.50066471e+000, 8.13955307e+000,
       4.29331474e+001, 8.17097244e+001, 2.20834656e+001,
       9.38968658e+000, 1.59521532e+001, 2.36810207e+001,
       1.95421314e+001, 1.74279633e+001, 3.54070969e+001,
       2.79819241e+001, 1.72821636e+001, 1.17579746e+001,
       1.59544125e+001, 1.95586128e+001, 1.42884102e+001,
       1.27410946e+001, 1.74646454e+001, 2.05889149e+001,
       5.72262096e+000, 5.19989347e+000, 3.69246407e+001,
       1.15832932e+002, 4.76775627e+001, 7.88011694e+000,
       7.06127071e+000, 1.19758102e+002, 4.20608711e+001,
       8.30741596e+000, 9.17969131e+000, 2.64779377e+001,
       1.60776176e+001, 8.52166367e+000, 2.85695114e+001,
       8.32626266e+001, 3.35275116e+001, 1.70556889e+001,
       1.87006912e+001, 2.30042534e+001, 1.70673847e+001,
       1.09752789e+001, 2.28823757e+001, 2.75640621e+001,
       1.57449493e+001, 1.21113768e+001, 1.53370543e+001,
       2.01816845e+001, 1.50370808e+001, 1.34904308e+001,
       2.02409611e+001, 1.54080276e+001, 6.73458242e+000,
       5.64845800e+000, 2.30886497e+001, 8.08629684e+001,
       4.22219543e+001, 1.54226475e+001, 1.03927431e+001,
       8.34743500e+001, 2.52601013e+001, 6.11204147e+000,
       6.82868147e+000, 2.31073895e+001, 2.28192444e+001,
       2.10308342e+001, 3.89158669e+001, 6.93725433e+001,
       3.11035347e+001, 1.13600473e+001, 1.03751993e+001,
       1.36976337e+001, 1.14658422e+001, 1.33620415e+001,
       3.00752258e+001, 2.26404839e+001, 1.41161613e+001,
       1.09868422e+001, 1.42420254e+001, 1.73048916e+001,
       1.24901648e+001, 1.15970230e+001, 1.75832005e+001,
       1.40914021e+001, 1.37523212e+001, 1.53938999e+001,
       1.65384617e+001, 1.75288467e+001, 1.62060127e+001,
       1.77020340e+001, 1.57351904e+001, 2.50034275e+001,
       1.67950935e+001, 1.55355883e+001, 1.68683701e+001,
       2.14081573e+001, 2.31072063e+001, 2.49375553e+001,
       2.59094830e+001, 5.20387955e+001, 1.43694744e+001,
       9.01392555e+000, 1.03066978e+001, 1.46763926e+001,
       2.35067425e+001, 4.59901657e+001, 6.77791824e+001,
