%YAML:1.0
Word-hist 0: 8937
Word-hist 1: 10401
Word-hist 2: 7552
Word-hist 3: 9090
Word-hist 4: 8113
Word-hist 5: 9073
Word-hist 6: 9644
Word-hist 7: 8518
Word-hist 8: 9575
Word-hist 9: 14467
